HEDERA_ACCOUNT_ID=0.0.6255927
HEDERA_PRIVATE_KEY=302e020100300506032b657004220420398637ba54e6311afdc8a2f1a2f1838834dc30ce2d1fec22cb2cddd6ca28fbde
HEDERA_NETWORK=testnet
DID_TOPIC_ID=0.0.7462776
AUDIT_TOPIC_ID=0.0.7462600
REC_TOKEN_ID=0.0.7462931
GRID_EF=0.8
